4166
4309
6771
5487
1226
5275
8168
9246
1314
5506
3813
6872
4400
27
8181
5852
4398
2090
8646
6557
2885
6783
6833
1806
9346
6337
6210
8920
9168
8118
7426
8289
2890
7036
8842
2824
6414
4966
4567
2027
8822
144
5524
8507
8096
8363
4606
5512
6885
2705
7933
2125
7430
8393
9082
4930
3085
3272
6609
5145
2060
1106
4066
1484
9755
4674
6114
2247
562
2720
1862
5784
2741
3427
4390
6056
8668
1502
5032
8625
3371
582
6261
1507
2250
2380
7207
3445
6101
5359
8675
4266
3395
9187
1507
4065
1577
9610
2554
3080
4329
4858
6874
5262
8684
7477
5005
8057
2871
3210
2536
4938
6470
3073
7289
9632
8730
3290
9063
8000
1468
9429
4622
9245
5330
705
8360
9791
3708
4292
4850
7832
2911
254
5944
6725
5739
3822
110
7190
2582
3825
4094
8558
6871
9777
1167
8677
2152
4451
9603
3839
4544
4788
6921
6352
7715
6754
4963
2125
6007
745
8512
7058
4287
2752
7795
1772
9946
9013
118
7083
4886
8558
4555
11
170
8194
8947
1583
2034
5605
575
7819
7971
9194
5498
2365
6014
8611
8328
8418
7405
776
6514
1984
8768
433
6156
4652
5030
1132
3114
7569
7393
8113
4122
3744
9291
9315
9208
2650
1505
7214
3652
8897
1418
6844
3799
9092
4274
6348
4687
5863
3413
4765
1829
488
5474
5614
9924
6466
6579
3706
9499
9867
4160
8976
5172
4808
2304
7594
1796
9247
3027
1446
6702
6115
6169
7387
7715
9099
8939
7792
2630
9891
6830
3098
5482
1626
1213
6961
3979
4228
534
8915
5293
7009
5125
8950
6671
6455
6558
2896
7908
6698
5694
5591
4367
154
328
6328
2288
1678
297
5190
7176
7568
6046
8834
217
6225
3908
8595
9140
2904
377
4061
8118
7904
1375
170
9081
8591
7162
2115
6263
400
9668
7635
322
8474
2979
8052
6064
6110
3047
9201
8191
9465
912
1769
8225
3987
1997
3522
1765
484
3144
8723
7608
6728
6966
6598
5920
6082
8316
1437
1868
8579
4762
8685
6985
765
3496
5016
5390
3272
4403
4768
2762
800
6020
4205
9629
7330
2640
5246
6854
574
9809
5507
2951
1445
9
4945
3103
1340
4707
6907
7707
4375
791
1924
7829
6356
9922
7443
6502
5335
3484
9834
7414
8530
1471
8336
4680
2825
7057
5948
8003
2355
2721
4626
5660
2496
3579
1917
7551
3011
3987
691
8329
1965
3960
9643
9725
8832
5791
3922
3699
5126
6067
9945
8284
9139
3579
6621
7847
8545
9179
3201
6593
5593
7344
6576
8715
6324
7968
7125
1582
7452
9235
6926
2236
1718
1492
354
3437
5357
6503
2421
4052
1751
3859
2187
5817
3023
7592
6935
3299
9175
8570
2847
8122
1514
3177
2
9901
8228
6880
7743
3610
3256
56
3083
7915
4415
1190
221
4809
9106
808
9632
6915
3043
117
65
1049
2698
6559
9949
8817
4504
4904
9565
8992
3900
1171
7812
5617
2899
4606
7481
5080
5088
7063
2979
478
2157
2432
2357
5043
6372
1586
7889
4557
5130
872
3111
3532
5996
6190
1246
7157
4656
600
3398
1770
1482
1264
1713
7960
4122
5148
1754
578
4738
9379
8230
3183
9392
5379
354
5176
874
1566
6426
6365
9140
3588
6718
1135
791
6758
1397
5588
1145
2785
2951
4971
5431
5838
6848
2870
5192
3688
8776
6078
2822
992
3658
6838
7559
6211
6270
6215
9117
4240
4905
9816
3651
5905
1946
4866
7256
417
7353
1098
5970
3265
1820
1642
993
3718
3856
6240
9322
3317
643
8937
9659
4515
7551
3741
9648
1590
9942
7681
1476
3854
7088
3461
8207
4136
2218
5537
5435
4860
2085
1667
4916
9814
2938
8849
979
6325
717
8143
7610
879
1568
3204
2101
20
5656
9388
5393
6834
988
3119
1218
6686
7455
1488
5204
7253
6571
2182
1535
229
34
7417
7880
850
7053
8903
3460
8681
5762
8994
8626
9563
7060
7882
7707
9342
9659
9938
3359
8285
697
6289
3947
3022
9119
807
7389
7337
6370
4431
942
8524
787
5286
5964
6274
8285
6078
5794
9093
5217
3267
6525
5125
5381
3200
1210
5668
9663
9319
1266
6765
8702
2812
575
9776
8487
5874
3932
7707
657
9838
8815
9944
9508
7371
1428
3528
4261
2446
6472
9747
5476
6983
5030
6056
2331
6790
175
7949
8244
2299
5153
7575
1737
4437
8944
3985
789
1721
8665
4591
8863
4629
6104
8420
7422
3753
1599
5287
2489
4203
5395
2546
707
8700
6882
1869
3402
3452
1551
1396
6853
1989
5232
7500
5445
7906
8980
4112
6395
7885
3235
5343
6036
2384
6124
6349
2811
3170
2694
1045
4804
7515
4399
1092
6178
6021
8457
6165
5924
7665
2876
9060
3657
684
6285
4839
5853
2515
1427
1496
2252
8166
9032
68
8317
3564
2222
3412
52
2156
5965
7499
2746
5890
7968
9794
9044
7190
2127
2451
9857
4991
9212
9088
6303
2806
4144
5837
3271
6030
2237
817
6287
3908
7292
3484
4349
4637
2759
6355
1726
8741
9879
4016
1627
7041
2656
6840
9443
6118
7224
60
9382
8287
3807
8236
5118
8815
705
1099
1986
4207
5792
8481
2491
6181
2097
9132
5796
2299
4112
4102
2169
3164
8984
3592
3132
4391
9893
2907
6045
6385
3169
9546
1687
2888
3146
8202
3798
4499
2200
5354
1274
9410
6667
9903
9693
8719
6575
8440
6437
2908
6071
9753
3732
6274
2883
4027
2017
767
3794
42
4222
7540
8301
7870
8218
5826
9246
9460
1401
1350
494
5040
2814
7209
7698
9267
2279
4996
8189
2687
8401
4737
5630
6858
8624
2978
2154
7815
366
7839
4182
1542
2593
1548
3397
408
766
7402
8907
1628
525
3880
7741
4236
9140
1145
3482
4195
7899
5710
586
191
5708
9354
2595
5125
8561
5775
4448
7234
4892
8394
9160
8779
6417
1285
7463
8403
6917
537
6993
8543
5395
2095
3184
393
3423
3378
6131
266
6961
2254
705
9586
6173
8371
5614
5033
7930
6871
143
6818
7663
2842
3142
8919
2801
2369
1089
2598
2462
3207
7919
8559
9407
2304
6662
1933
3788
1521
5521
6110
4181
158
3178
5047
1134
6498
9642
4681
2725
421
8500
7598
1842
9157
1052
9382
2535
4882
4404
9750
5901
7172
4808
1386
1958
9152
2210
2540
8847
1404
6697
7438
6868
581
8984
1904
3659
6714
4955
3666
4710
3523
1593
1829
2529
3516
1469
7058
1810
850
1358
6009
3769
564
7294
7870
5965
9904
7024
6324
3238
8212
1600
7156
2687
8378
1455
2187
8538
5446
3945
5668
1234
4934
7188
1656
4390
811
3075
7413
3553
8141
4043
2580
5137
7212
5073
2715
9991
191
7668
2451
182
9221
6518
4598
9379
7781
1569
9391
2672
7771
1745
5682
7820
9173
9569
8085
8714
3558
3196
440
799
2531
8717
1754
2402
5397
5734
9890
3137
5181
9927
2012
1703
1198
5849
1404
679
3576
3588
269
7953
6824
8696
9678
5884
8284
2950
444
1358
1301
7140
6280
1227
7676
5044
6997
5871
5006
4275
9577
2070
7945
6796
1011
8450
2978
506
7708
4898
7555
4181
2102
367
7943
3010
301
8140
4264
6777
5454
532
5372
1046
9132
7166
7490
1420
5718
4703
7833
1533
2879
7996
8206
7865
7653
7193
375
3922
6747
666
1065
9849
403
3853
8198
5418
3264
1182
2057
2264
9344
1331
1201
4448
7112
9188
5586
9575
1514
4198
114
6079
3108
5240
4754
2748
8348
80
1731
9609
7482
738
4526
5875
2271
7942
4581
2350
2515
3479
1552
2729
6120
2848
886
9
3196
5797
6786
6573
6554
984
2070
9666
4869
5044
1831
2237
5068
8880
7393
4056
3332
1232
2189
2568
2954
480
141
1938
6594
2344
5283
2356
6460
1408
7864
2896
7997
9972
9775
4987
4461
3318
6386
4828
4123
8533
4714
8425
8999
7155
8586
8108
2887
9827
2812
6702
376
4784
5951
3275
9704
7692
9826
9712
8187
1059
1978
5731
6837
3280
1186
1647
9546
5909
2702
2716
3423
5362
9603
849
3837
5041
7854
8742
3251
7832
5521
69
4420
6562
8014
8953
1092
605
5550
1411
7189
4398
8394
2137
7003
4075
9316
6039
3807
794
9940
3672
7205
7950
4624
7797
9054
4306
2114
490
9207
4766
8594
1585
7097
4744
8253
6708
1111
3154
8944
6588
5152
915
9089
5500
6664
65
2995
6686
3893
2398
6099
2918
9385
4027
5012
1390
195
4640
7039
2899
4958
8310
4284
860
5515
7470
8503
1938
4256
2431
8002
6545
8510
6899
5747
4998
8088
1828
6250
7258
6196
6735
9688
2477
5650
2992
5985
1357
898
7766
994
264
8203
9124
4510
2151
8149
5949
8970
2151
7862
3725
465
6680
6490
522
9748
6769
728
7009
2234
4978
1152
6422
5449
4098
7530
8187
1982
2805
7769
8040
3508
6258
4869
5907
4098
4505
1474
3046
3238
1590
6395
2191
4166
5512
9338
1743
2509
5471
5552
903
8147
1439
3951
9693
3534
8483
1483
6269
3931
5701
5643
729
848
5045
2750
181
182
2526
662
8263
7640
2750
7158
3791
4163
8459
6068
5509
4836
6666
3202
4985
9389
5001
6891
7107
628
2102
3305
5518
5890
218
1950
4662
9732
6082
3287
4195
2128
6299
2247
7765
3879
5303
3827
7092
8299
6276
8800
738
8972
3147
6776
10
3080
7726
6442
2499
3926
9153
1467
1943
4105
365
9681
2464
2626
9234
9184
8846
169
2207
7464
5881
1580
2589
3905
7826
5410
8915
3086
8504
3329
9530
6371
5068
3426
4797
4481
4122
2282
638
2989
8828
6338
286
4805
4441
5727
1909
789
5622
5441
2205
3679
8930
2852
3542
9606
4632
4177
1437
5360
1072
9753
2860
7675
4084
8926
1220
7790
5491
2563
9306
1884
474
6125
141
7646
2677
7200
192
6989
2759
4960
870
6327
6884
1139
7562
6113
6115
9137
7626
4245
2930
4122
3155
4418
1186
5783
496
8327
8066
7675
2137
3153
8026
7509
8935
3782
9999
7647
7682
1350
2702
5267
627
8718
873
4145
237
6240
4073
1155
7760
2048
1992
6148
6446
1615
392
6461
5473
6665
7872
7303
7232
3148
3758
2022
5928
2524
5816
4532
2382
8543
3241
680
3783
6558
2440
3493
4034
5883
2738
5144
1115
8774
3741
4406
9926
592
1579
3496
6054
4979
8963
1417
6024
7762
3196
514
8880
8331
589
41
7893
4165
1116
7012
6765
2496
1248
4536
3590
3832
2601
5047
8926
4720
9719
6320
3733
6241
4827
4067
3095
2405
2105
439
6524
5856
8448
3862
2362
1821
3822
8743
7760
7954
9402
3744
6263
2014
2423
9877
14
5960
6252
895
3754
1912
2468
5138
6027
1846
6191
7118
1505
9082
8933
9908
539
5688
2633
2186
2860
2275
6145
5202
8868
9741
1276
5348
3165
3224
2533
4229
7686
9576
8566
935
1520
5595
5600
4455
5997
9268
1111
8751
831
6860
5845
1943
600
7057
2750
1562
5096
7672
2573
6014
1932
9762
5346
4277
6477
7106
3965
264
9752
7254
851
532
5153
3668
7956
4536
2445
9013
2272
1433
7800
4074
9063
7809
3090
946
4832
2706
1895
7123
4240
2484
1659
9052
519
6034
1530
6539
1548
694
1162
3459
4668
4819
3513
8229
5766
5504
7946
7038
7165
8064
7998
9335
3664
9791
1432
61
5731
8254
7718
9967
934
3686
4116
456
6648
2389
6325
6992
3944
8987
9289
3302
637
3834
8463
3029
5692
6192
5506
923
6872
6825
3360
3812
9967
4000
4488
5843
3815
1022
4744
5435
6020
3634
3746
962
8341
348
4154
7004
4310
9460
2029
2170
7832
5920
314
3615
2212
4559
8113
6657
3819
7040
3242
9854
29
6690
7842
2988
5931
3106
1871
6478
2086
3385
2213
7453
118
4722
1185
1533
2426
448
3159
7850
1091
6755
9177
303
7735
5888
4356
1010
3303
7244
5023
8326
8874
3945
1104
6158
5456
5126
8063
5653
8896
2582
9100
8000
423
2234
4013
5860
5250
8181
8182
6116
2341
9020
5875
383
61
9727
9410
224
2513
1906
9493
1367
8334
4108
1755
6980
8011
5081
7498
869
1735
6736
2756
9637
4370
5066
1592
9688
8248
5996
4448
8794
8194
4072
1875
2099
8520
2230
1987
4135
1683
8495
3659
3175
8367
6261
8487
5732
5959
343
4085
5577
4939
1950
200
9168
6309
9208
2581
4031
6917
3014
3349
3060
1227
7278
1007
5839
7299
2656
8714
5156
1830
7753
5590
5353
3290
1081
3774
6921
9817
5141
8927
7166
518
4794
1708
413
7322
3714
9254
7618
1371
1511
6065
5887
6703
5420
7467
724
752
2119
829
5045
5904
6808
5423
4600
1470
9795
7270
6475
6694
6398
7736
2965
9000
2791
1941
4849
6587
7117
4513
9264
7779
4286
2857
8428
3700
3983
1642
2028
651
1991
952
6391
4224
587
7877
6230
9590
7430
6153
7084
3052
3599
2143
7117
8572
9556
4628
8634
3304
7110
7505
3856
7208
5720
5859
9637
8433
7626
3737
2862
9756
383
3307
370
6565
8966
7599
4167
1944
345
7427
4542
8569
5125
7616
6425
1983
5089
4338
3766
6539
6304
6928
4642
4373
8676
8308
79
143
7437
7999
7708
7009
262
2846
7116
1573
4012
3144
3864
7102
9690
1899
3818
1791
2813
4932
7139
7182
58
3795
208
428
8161
6429
4862
2989
1195
1568
5510
660
8181
3355
2979
5717
7970
1551
6566
7855
4718
6387
1773
6015
3522
5062
1896
410
6354
5183
1741
5141
7369
3630
3467
7320
9039
2983
4242
9772
5524
8669
5955
2642
4027
4721
234
219
7289
6576
8738
2534
3121
7723
985
8760
9691
1458
9265
1974
5522
5001
29
18
1395
6865
9011
1822
887
8196
30
5729
9753
3864
1895
9556
9076
3320
7444
9312
89
2053
2911
5842
6161
2468
2723
8915
9016
5500
1667
983
9130
58
8431
1317
3990
1883
6881
5117
746
2028
1909
4727
2610
8200
6187
766
16
6345
9843
7415
1818
7170
5194
7513
2674
3978
2872
9391
7985
3838
3644
5934
4302
2636
2248
6746
5836
2125
4183
4696
6396
3401
2660
4690
6287
7667
4538
7868
4518
259
7327
3744
1387
8818
6357
8850
3669
730
2551
1456
3480
7358
2132
4752
6444
5712
4383
2791
1601
2010
780
386
4710
1289
3824
2382
2225
3820
6008
6041
6825
4731
3823
2945
2040
5933
4633
279
1541
4756
2980
9500
2490
8977
2743
1587
8026
6119
1481
7470
3190
2866
5724
2363
5436
8061
3068
5471
9030
5233
5132
9836
6658
3206
2278
5016
5957
2911
4444
318
1823
442
8217
9666
6861
4337
6998
6083
3089
8553
7786
1234
8988
1497
4597
982
1765
8589
2847
1554
2061
3412
5484
3148
8954
7009
5774
6128
3199
5618
4510
4120
7249
3539
7606
7616
7271
8889
791
7314
552
1713
4384
7726
624
9355
7117
2806
704
1628
3711
6296
6234
9845
2126
3401
3706
7392
4058
3252
8368
655
4170
2358
7063
6557
5538
3245
9355
6394
3907
5347
8907
7962
7329
2540
3436
4277
5358
1070
7335
9015
454
909
8131
9249
4687
8630
9840
3810
9936
4087
7227
8077
5238
9536
5476
5148
1254
3891
5687
195
8065
5938
4766
4551
4055
1979
468
1920
4206
8198
2649
9358
5520
8234
6837
6649
8041
6026
9666
7333
5162
2938
3678
5936
1876
7521
2354
5191
3098
3286
1205
1934
9520
1629
373
792
1766
6484
4419
691
6582
8206
7521
3024
8211
788
437
4633
4228
6188
369
5457
7489
8155
6504
3092
878
634
2485
8205
4164
9591
2938
3167
60
1021
4816
2843
3765
135
535
4620
3801
501
6357
7523
7855
531
8860
29
4457
9263
4032
9592
8204
4276
5185
3277
9528
4370
6676
8299
6715
1428
6144
5103
9732
3680
4274
5773
3592
8701
4527
7093
52
7597
9542
6302
6780
283
9279
1527
5460
7111
7611
2080
2333
1538
8822
4438
2185
8499
3582
7976
156
5866
9323
662
661
9510
8125
6776
9828
4881
2280
2420
4009
7298
2690
7707
1903
5841
3139
8284
2935
8596
2917
6880
4333
643
9358
7680
7175
8806
3921
3766
1862
562
9806
2752
4260
3759
7362
4060
746
4654
6686
5282
2149
8217
7957
1236
5278
2653
1800
5796
3464
8101
3846
3895
3731
1466
1045
1335
4565
9717
9616
3202
7176
7255
4674
969
7880
151
3015
4041
3128
434
56
9857
8224
6731
2632
7702
6706
1455
2908
2348
3030
9056
2464
4422
6126
6304
7304
1240
3935
2643
5639
6527
8685
3395
8416
8616
2391
2013
9085
3992
5907
8900
342
62
1811
601
561
286
7589
1076
2208
7641
8036
193
7079
2743
4666
9127
3925
4016
2192
4680
9093
981
4253
3878
3244
3197
3846
904
2582
5969
1509
4584
3378
116
2982
4380
6
896
1913
3392
5130
9161
3922
5599
7093
6968
8465
472
3490
927
9860
4451
7113
7853
5329
4740
3793
8244
7135
6567
1568
6447
7041
8819
7232
3402
2690
1141
1691
8685
3351
8557
3594
613
7892
1644
9976
2044
5763
9297
4594
5204
3856
7061
4565
3834
7164
5990
6118
5025
6963
4354
4935
719
3564
1940
4899
9301
5485
9169
8102
1065
9671
9109
5679
9244
5045
7127
953
8495
2740
6175
2136
5589
8768
6098
5023
69
279
427
2735
1127
9927
8763
9995
8896
3255
1966
4708
9571
5731
2791
4087
9971
5249
6108
523
5824
7601
5422
12
2370
4783
119
1201
2609
5013
3067
9227
1417
8167
3366
1059
8629
4214
580
3085
2901
5312
4155
624
4030
7808
9847
6917
1499
8653
9426
6392
3811
6641
7151
7191
5697
1896
8980
7938
5692
5130
1188
2805
3566
9977
4801
5270
6940
1245
173
8270
1003
3338
3703
9782
6601
2827
378
5194
785
1355
5601
5541
8157
7155
4889
3336
8624
676
1032
9466
6680
6336
9794
1351
6309
3933
2190
3255
8815
6886
195
1691
8545
2823
5733
6757
2216
8598
8941
2834
3843
9764
9484
5996
5294
4532
7859
4754
3611
610
5747
4713
1486
8176
6255
1912
552
5419
2432
386
444
4114
3804
8811
2522
517
416
1646
5734
2296
631
2107
5224
7310
8059
8924
5143
1620
6601
5515
41
3687
9876
8767
8618
1968
2899
5232
4217
2403
7718
3508
8161
8565
6935
8457
2990
5194
6941
6397
4246
3846
2481
968
7206
5402
8485
918
4862
3887
6150
6877
2131
769
9052
5120
8624
5304
4992
3644
5250
3916
1685
1349
3319
6208
9576
1376
1623
8297
3601
521
9126
4452
6731
8550
3376
6214
7488
5383
2696
5988
8276
7522
8638
2069
2982
6614
7434
9657
2772
5453
7498
3077
4178
931
1845
7266
6344
1212
9607
3190
9074
2238
3313
7214
147
1731
3748
8913
2731
2476
6509
7808
9507
8870
5649
9108
5087
4929
520
6182
1353
1301
8833
5468
3608
7047
2536
9761
7766
8773
8304
5223
4655
1321
4793
3372
7903
4806
6013
9558
396
4383
4230
4276
9067
3700
7768
5689
7679
4229
4618
3141
4047
1077
8975
313
6042
9293
6601
6953
4335
6058
897
3751
1313
1879
2180
6650
1324
96
661
8077
5866
2344
8477
3124
1656
6046
8151
9941
6618
6142
4636
3463
6030
3558
9902
2437
2353
2542
6103
8647
8841
4118
1412
2856
9882
6596
7182
9423
3803
4122
9413
128
6878
5791
9286
7591
9770
1298
5110
4524
5021
5736
8821
4849
944
9593
436
1758
1220
7755
7612
334
5308
6059
8028
6248
3382
3956
9861
2560
7708
295
537
6775
6769
114
6884
8001
873
578
3351
5267
8743
1011
7922
5287
46
5556
758
6217
1531
5565
1203
3023
4293
7961
6902
2635
6627
8754
7996
4514
2561
3405
2702
3182
5006
3449
3961
8653
3995
5632
1812
8347
3248
3566
6686
8197
8988
5943
408
6654
2069
2666
1605
1489
2584
7225
3885
6261
7774
9538
7563
9227
4166
4091
6190
8882
8698
1119
3452
4641
3047
3289
6230
913
3992
5130
938
6695
7180
4305
1553
3213
1218
4914
251
31
8962
5446
4221
8488
8298
1670
9874
1520
6089
6393
2910
2735
648
3368
5205
1176
9761
2107
8919
7778
2188
9176
1385
7815
4178
18
7528
449
1618
4277
2390
4709
4506
6322
2590
6193
9006
3205
2187
4533
283
3816
5641
4209
1810
3341
4494
3413
7062
7205
6828
5596
8464
1392
4750
3065
1499
6825
5174
3505
4590
7463
7306
7950
6167
4337
4104
6328
4463
5583
3467
8858
4856
2693
9492
4097
1911
1290
8978
4571
908
6641
2716
7540
6573
9252
7570
8145
3402
328
9082
3456
315
5073
2166
8087
7197
6648
6043
7087
8288
3152
97
6014
6574
4943
4318
8983
6065
8710
6018
3578
7500
8317
5354
9600
1365
755
6210
5710
4181
2821
833
5973
7595
1694
5158
8484
2121
9745
3837
1985
1122
3885
1808
1300
5938
8049
6128
5309
8788
4828
9063
7128
431
9696
5928
5585
5560
2689
3251
3455
1082
6095
4879
3257
825
6863
9034
7436
2778
7683
5128
2323
4753
8197
3894
37
1783
1046
3441
5311
4109
8797
3575
8966
1628
9387
9460
9653
4421
5382
346
2667
1236
2550
8694
1723
2881
216
804
9169
9389
532
9258
570
4944
2456
1792
3346
365
6646
9235
1940
6563
8345
4419
5586
8782
8765
3515
7673
9024
8676
1107
5762
514
5654
180
142
8363
6098
9258
8904
4623
5157
3359
6647
33
3586
110
5692
1276
2048
1685
9714
4961
8484
593
2887
632
2126
5858
3962
8513
8551
8682
7216
6943
3638
7912
7942
7648
3615
1666
4753
3881
3495
250
7886
365
8937
2498
4953
67
432
2771
4174
1049
9041
6074
8278
4170
452
8064
4336
9294
5717
9470
8981
9838
8704
447
9910
2842
4316
2729
1052
9053
4385
5175
4939
888
409
4636
5638
3419
6056
7632
6845
8851
7084
5503
2672
3171
1989
307
25
803
5201
8638
9001
1254
3804
3777
4563
2172
8613
9892
7929
9566
8646
1066
5530
6701
885
413
1406
5303
4494
3425
6449
1398
2634
7185
3728
2127
53
8137
3377
541
4226
8118
6805
3666
3067
1544
3102
7016
6710
6635
4546
6553
9215
8738
8724
3889
6474
2380
4073
1724
6207
9658
5191
9522
9688
5890
5372
7172
8631
9088
345
9689
5297
8412
3036
23
8320
2175
8464
3265
5143
1816
5902
581
5416
5866
36
4095
4867
5056
1643
8738
9632
4673
7744
2005
9376
4626
1796
7715
1570
8572
2976
5061
2668
1583
4795
7970
2118
2628
5671
7237
3616
5050
8186
6527
8324
7182
8037
6763
6250
5765
7332
6751
6675
5556
662
117
1937
7572
365
766
335
1567
3730
8014
3752
7488
2037
6874
3740
9408
8304
140
844
7323
631
7336
9494
3676
2290
8848
5981
4664
7546
2297
8197
4569
9294
2587
9495
7097
5451
7355
9909
3265
3529
5289
3222
6339
9677
8032
4642
3218
6829
2158
7405
5280
4378
148
9017
1860
6286
1202
3215
7013
5334
3449
4961
3695
3063
6048
3391
3996
6148
7328
9012
4769
4193
2816
315
7523
432
1153
6150
3915
7065
2578
5905
9278
7328
3315
5718
5998
3582
8205
6048
5784
8601
6440
1004
2956
5134
8391
2834
3725
639
5167
6067
163
6327
5826
5507
1232
3421
1207
5149
2409
4128
825
2671
5440
6768
2413
5369
8129
902
939
3218
5074
3493
8777
4498
6435
6417
1868
2745
4835
6320
2122
2197
6005
800
3001
4347
7852
1858
2562
6794
6154
3144
6794
3442
4883
9070
4364
8563
3126
1645
8409
6052
2715
5978
4631
3591
1215
8717
5314
4233
2565
3708
7673
4683
7989
5258
2093
7823
6450
4117
6700
6292
8292
9559
1442
9410
5516
8838
9366
2803
8017
3039
11
4944
6369
3930
6249
6777
8096
1211
5118
8287
754
9539
8226
2749
4364
9526
4286
6791
8625
6553
2763
1076
5327
8268
4529
4680
7846
202
9033
6359
4343
2301
7675
2121
5017
8288
8133
4341
9338
3354
282
1228
2835
3564
6522
9227
6019
9752
7702
4880
927
2980
4682
1336
8938
8094
9521
230
8429
6375
7955
13
2166
9888
8702
5781
3637
674
78
5157
7021
8952
6373
2290
4901
5560
780
981
9423
9869
4479
9069
4277
9864
5176
7078
4666
1425
5552
6998
7974
9554
4902
9507
4516
9388
4272
8818
8440
6858
1980
8343
3034
4516
9362
7178
6486
1280
782
3453
4307
4194
7589
4209
8313
2186
8590
6928
3568
2171
3837
9373
7597
5871
2641
1901
3126
9299
4567
1659
4903
5631
3331
1277
2982
8370
455
3185
7931
2792
4815
6404
5216
7375
5157
2662
649
5603
9140
9769
7743
2656
7924
541
3057
6939
3162
8056
4690
8368
5226
6458
6841
1788
4316
5180
717
7363
2207
3453
3927
1859
9524
9958
4600
3798
1495
159
6775
2937
8004
6760
1845
1201
5456
9318
8807
8390
9990
9884
3671
2500
18
5248
2046
5378
4603
4664
4594
14
5017
3975
3975
6805
9461
6815
6070
1941
4275
3709
4424
1171
4340
6620
6447
6589
5417
818
5761
6399
924
2108
283
1313
9126
9005
7953
6690
2687
2164
6707
8127
5259
5021
7324
6517
4219
3653
5935
744
130
6784
6651
1197
8370
3941
5515
2236
8600
6097
2511
2916
8594
7456
9400
6819
2056
9935
3213
787
2433
4422
2484
3786
5740
8214
278
7213
2692
8380
3638
6400
4227
1584
6784
8906
4799
231
94
9795
547
2505
6744
393
1936
9227
9177
6400
3218
4092
7952
3930
7278
2303
1499
1151
8489
7248
5311
9212
6065
7691
3347
8110
540
3000
8945
6640
1885
6973
3090
2723
7069
6291
2159
7547
4324
3194
9669
1054
402
2037
9399
2000
9312
3406
4004
2336
9346
6532
6254
8998
4335
2286
5329
684
9596
8461
5793
8755
7989
7600
4389
8647
6179
1781
1184
595
3633
6840
5006
3738
1874
8632
6330
2010
4265
4691
911
341
2527
5131
803
5242
6912
5835
5629
9557
4729
9242
6788
6001
5769
3044
2401
2646
1197
4648
5660
7498
2434
4319
5193
9896
6577
4700
3848
9738
9081
893
5295
3485
5410
9064
8645
2701
7857
9016
1099
647
6736
6673
7402
8151
4618
7715
6194
8175
2145
6554
2507
4451
6353
2330
8254
1572
7206
5726
9352
28
7931
3157
7157
5222
8422
1447
6660
5521
5512
4264
7980
7240
832
7690
3420
7075
4798
9000
8249
5488
7513
7637
1171
9559
3017
5489
9385
1000
3746
1236
4265
5381
1030
5794
7724
195
9469
7627
2234
3670
3627
5304
6292
4827
5057
6994
3834
4447
1830
6398
5512
8364
3843
8221
8549
6443
2035
5377
2971
9581
9229
5416
6865
3155
3404
7540
7296
308
147
3155
6475
1364
1037
5765
7166
2983
1630
2739
2875
9045
2661
3578
954
7158
5230
6842
371
6738
1530
7019
2270
3059
2185
5708
4299
3712
691
9063
4271
7928
9121
2649
2881
6773
5369
4473
5886
456
5242
9606
2903
9794
6238
8223
6191
9264
1445
298
2250
3019
8136
3061
8503
1142
7586
343
5299
8048
937
9572
6591
1118
9155
7036
3921
2954
6453
9934
5139
8831
8155
198
3298
3421
38
3856
6811
55
2757
3871
4356
7732
2503
7134
3391
1085
4771
4039
8795
9082
7468
7459
2635
5439
557
2893
9054
309
1356
8988
2392
417
3530
1657
5590
1680
4213
6672
3401
6469
726
5702
5996
1114
1152
4906
2058
3832
3739
6009
5434
8862
3833
6946
1491
3172
9167
5115
543
1895
1113
4176
2878
4431
6225
407
107
7924
7969
5019
8908
7033
5473
6273
3949
6850
3808
4292
6465
9515
8329
8453
4636
6488
9102
9430
906
7435
5811
5969
9935
6470
9881
1713
6989
9537
2694
6537
6032
1240
3813
1352
9579
896
5295
3642
2830
2701
5385
4577
1555
3587
8589
3718
4909
2654
5124
2930
952
7301
7144
4352
5004
2406
608
1379
1370
3470
940
8172
5589
9580
5931
8180
7606
2082
6611
7641
2529
8511
4033
9680
1331
8655
4061
4638
8381
6045
6062
5661
2489
7252
9455
8341
6760
9574
763
9845
2157
7921
606
6422
9975
3300
9258
379
499
9892
2841
4777
8751
6990
9518
7217
2444
2244
2341
2463
9046
4963
6710
7601
5283
5336
5995
1876
5153
7636
1049
4653
2783
2019
6546
6580
3466
5844
5282
5367
3214
5034
1403
7599
1461
5483
6507
7634
3860
7659
4443
4200
7100
1451
5851
4226
4459
3279
7978
8132
5598
4114
3446
6122
3597
6137
6688
2244
8400
8996
9377
6515
6586
3317
2783
6147
8621
4402
1755
3933
1770
1882
7351
8734
4627
3655
9538
9922
3619
4485
9757
1098
1945
7506
3056
5638
385
572
7853
8553
8294
6922
1795
8952
8159
9457
3975
2582
1649
8948
5998
8709
8596
7
6375
8349
2622
6928
2439
8990
4291
1578
6764
4416
7849
9404
8718
9321
5492
3535
8620
4214
879
5179
36
6940
2989
7368
9461
6873
9403
7223
614
9520
9816
3854
4741
9132
1321
1468
5443
2947
8370
2020
4764
609
2984
3213
9142
3112
9557
2069
6746
4793
4165
3786
816
7585
5182
2668
2105
8316
8115
1551
308
7297
5799
3185
5870
3974
2282
529
9697
5103
5605
5996
3095
8211
8862
4154
7974
9806
931
6240
1211
293
4870
5115
7474
6569
4291
8694
7454
8507
5835
7496
2305
5433
2629
8478
1247
11
1780
4996
2268
4443
9279
4901
1800
2020
7317
5056
2290
6345
4758
4129
4413
9703
6968
2078
5329
635
9620
5078
327
332
3860
4206
8050
7907
1179
8800
4937
5190
5967
6305
6987
7476
8021
1242
6614
2796
3827
5047
7535
2279
2422
8467
6199
3095
2246
3784
518
9622
7715
1873
1233
1808
7850
8657
6818
9775
7560
5414
3226
1413
2335
9238
1635
8204
3350
2310
3221
9679
7326
3078
7610
3226
9136
5193
5626
4132
5241
8165
59
6769
6348
4551
2433
5497
6799
7208
8805
8782
7303
8174
2204
5296
8077
4226
8387
8849
5862
2932
857
7254
6402
8595
4183
8018
6019
6887
8622
840
6511
9596
5973
5983
9372
8731
7025
2031
6545
1778
2673
1549
7944
5917
3453
7175
7445
2031
2643
2518
357
4295
8995
2389
5936
7052
7126
8629
8175
173
7674
6057
3026
1776
5205
4840
3553
7790
7494
1132
5867
2208
7122
9864
9822
777
1822
6875
4466
9050
2545
1078
1263
6492
444
5616
4508
6942
2857
3348
51
337
7553
7941
1761
7678
7864
7338
5710
6707
172
8616
8725
5841
4954
7244
3635
1320
3847
268
2573
4983
9851
2189
4132
1539
7068
4321
9615
7827
2421
1460
3268
8884
170
871
4468
766
2881
6670
2599
3349
4627
326
4153
307
9676
2521
9435
7096
2339
2459
2259
6858
1251
8689
1089
2884
6414
6767
4406
3727
1568
7912
6427
8596
8153
7617
6683
2777
9789
6655
3159
4882
4659
5916
1793
9782
4646
5960
5927
5254
1254
2883
7022
1273
2016
9180
6846
9714
5781
1685
185
9691
6492
3115
5138
4434
828
4388
7289
8367
7918
82
2620
3947
2497
9110
104
9420
8740
1591
302
9024
2769
7355
3722
5951
9321
3299
8762
9683
4309
90
9308
9541
6907
9460
9581
2460
599
5476
7365
922
848
4446
6856
6144
6762
6975
8391
4423
7839
8045
6372
3213
211
3035
4955
4193
317
504
9945
6955
7153
7796
3069
2767
1297
7332
4849
6036
9724
8299
6026
6704
3676
8589
6724
5991
4303
9092
2983
3694
8220
1311
8724
7049
7616
7229
3685
5181
2026
8086
2193
8939
9439
4603
5995
3801
3384
8990
5698
9902
9222
5095
4683
8445
3013
528
5989
7533
7931
9671
6309
462
1753
2695
1729
9223
2643
7487
7977
3212
5533
3686
4666
4862
2978
1792
1143
1404
1810
1723
7729
5110
2416
8535
302
3083
6714
2007
2564
7063
3086
3707
1977
9171
1287
10000
6766
9893
2154
5531
8279
8812
101
4199
1377
630
8732
4655
5364
5575
6311
5134
1112
1296
7139
1851
2112
633
5901
9574
9424
6318
798
6353
9800
10
8632
1480
3027
124
651
2130
7831
4263
9561
5432
301
5873
7165
6286
826
4818
175
5747
3801
883
3024
9650
5175
1535
8847
5572
6081
5265
2425
5794
6165
9797
5227
85
8025
4594
2717
2861
4995
2311
402
4088
4335
984
9326
726
4106
6463
7995
4063
983
6144
3986
5883
502
3092
7481
6744
7399
6858
4944
4844
3549
5455
194
9708
6971
1140
7772
9100
9367
7705
4468
6342
8062
3574
8653
1286
9894
824
7487
6659
7028
1510
3880
7058
9341
6936
876
7405
3373
4055
7676
7276
6421
6795
8439
2868
4953
2173
9334
2449
7859
3488
1999
6838
6098
7138
2292
482
9613
1924
8845
937
4439
4605
6895
2508
3994
3063
5272
5792
2868
5593
4909
523
572
2305
4883
3276
2904
4560
5422
5012
7048
4837
7901
5624
8252
6151
5609
9122
9048
4394
2238
407
6532
4151
5503
829
1246
3978
7597
5427
2141
5726
8589
5419
3748
3844
4235
4958
3447
7633
8853
3871
6131
1029
8498
3994
7892
9144
1566
1956
2566
6825
2949
9432
6393
1457
4217
2403
8339
9685
1967
6357
5838
4260
2128
9213
3680
6559
3845
9685
1030
3669
2884
3257
7540
3616
9945
8235
6918
1445
6704
573
5996
3013
8886
1190
761
6412
1772
1845
1966
7542
8242
4918
4611
467
1015
9678
4167
9062
5830
1367
5028
9684
8330
3243
9599
1861
1245
3451
4913
2373
2094
3694
6073
1547
1531
8373
9005
9865
2657
1955
4124
4182
9959
8069
2806
9799
1367
6784
2684
8707
482
4343
5828
2669
6925
4639
3131
5208
8868
3727
5447
8560
4356
2467
3214
2162
7406
2027
6498
5888
6045
3970
12
5446
1851
7791
6917
4259
4016
7737
6603
1558
416
936
6930
8465
9605
2550
5550
2174
9174
6365
8137
5391
3885
9095
4604
3500
7663
7327
1026
9048
6231
6303
9150
374
7128
8135
3112
3018
1913
4109
4440
118
367
5668
4406
5243
3699
1811
6089
877
689
3580
5914
508
4529
2052
5880
4868
2183
2979
2180
9226
2666
9309
8844
9641
1489
4476
4395
5266
3358
1148
2897
6294
7555
5092
9881
8010
3830
4212
5310
4009
5781
9957
6079
5395
2768
5589
5241
1786
9201
7789
9100
6274
4842
1508
9546
9769
4
8418
7791
5633
6223
9737
1211
3292
73
5814
1416
7055
6769
8158
758
844
2711
5812
6006
4861
2613
6437
8294
8381
8106
9317
9825
1753
2245
8541
8914
2174
208
4503
1953
9502
8438
7784
3732
5332
4548
4341
746
3721
3671
9505
4056
7137
4787
4869
3201
4024
2699
3800
8215
293
2258
8134
5113
8462
9596
1840
5055
5111
8854
779
8582
698
1957
144
2956
3430
9020
1203
6412
8590
2743
5143
71
982
5042
9163
6129
9563
1643
7557
7856
6034
4830
6836
1697
9103
2807
1971
1283
8213
1191
7941
6474
4783
9991
4283
3374
2362
7972
1175
3380
5086
1408
6314
3231
9057
6552
566
9817
2573
227
5950
359
9207
3149
8391
6464
4374
8176
6839
9334
9706
5984
7262
3613
4560
2054
7528
1596
9257
4513
5072
9569
1501
5962
4950
1137
5211
7910
8584
9319
3238
3265
5672
7574
941
8823
7226
4058
5870
345
2959
5371
8500
8380
7995
3731
9308
190
7117
5260
9610
6405
8485
2972
5527
1517
7456
6089
1301
3880
5411
8501
4418
2626
2139
3287
1441
3318
8528
6950
1819
7503
8732
2664
6407
5234
2135
9689
9392
2059
2174
252
5937
351
9651
5019
4957
3019
5055
5049
8699
8696
2532
7783
1194
7156
4933
5061
3775
9096
4126
6382
3507
800
9777
7275
1786
2070
4690
3660
1414
314
6830
8943
1187
4148
9955
4697
2765
2541
7497
1623
4783
1814
1733
4095
7055
2578
1214
5274
6539
2893
3947
3477
7221
4812
3585
2321
5214
7292
6382
9271
6622
8822
3197
9476
4586
9633
7033
9052
9534
9722
4700
1209
8213
9965
1234
356
3213
6123
7460
511
9918
7170
1513
8111
4780
7850
9028
3067
5014
8449
8230
6388
4368
5724
9290
9032
9327
6054
3449
7975
130
2146
1181
7278
6809
1358
448
1745
485
9312
5438
2026
1470
5002
1811
7056
694
2670
3890
1825
5887
7915
6783
3151
9271
3361
7670
1095
5248
2367
2595
9684
7731
7315
85
7824
3648
1404
6569
1444
5756
159
3342
1436
7873
711
7737
5777
180
9526
7122
6677
933
4259
2780
7019
9753
6503
7030
8534
7311
7748
7476
9562
6195
1936
4037
7027
672
9560
8831
3919
7732
6577
7663
6226
8919
8649
9567
8028
7034
9602
2117
5933
2517
9690
7367
7103
2391
9855
3570
3581
2820
7515
696
5720
2104
9322
8813
3695
5217
450
2530
3104
9076
9060
6080
3249
3177
2624
8583
3613
2669
4345
9083
2973
3538
3639
7626
3085
6731
8609
7855
5059
8045
9532
6549
9847
8101
6258
1626
8936
8192
6636
9561
7598
9694
2070
9100
6279
4689
5485
9140
1784
6650
2150
997
3951
1156
3642
4448
3553
3324
720
7961
5055
6475
515
3999
920
9728
1282
9684
7653
8539
1036
760
3530
7205
6302
2518
5220
3449
9049
1989
1319
1356
9643
6527
5501
4038
9625
8162
6768
7734
3532
3856
3273
7735
4833
4724
4729
5363
8396
3107
4792
6550
6222
9676
2147
5541
9515
1919
644
2979
2982
9377
9502
7959
6532
2377
7692
6425
7335
8621
7299
3125
3179
1900
221
8272
3603
5476
693
1585
3271
6051
7190
9467
5491
4617
8530
7479
8881
7538
9484
4774
5181
8232
2104
9780
8116
3280
2447
2519
7133
536
4548
9324
4268
1832
8256
5852
6238
5535
5249
7775
6323
1483
8502
5804
8337
7228
9322
3824
7380
7756
4655
4278
4168
2466
3832
9019
1132
3091
9006
6637
7315
2473
449
4588
8006
4646
765
3255
1958
6313
7013
6938
7706
7183
3669
3082
8074
3538
3175
8808
843
7399
6759
9534
9771
5884
5817
1013
6163
9565
8162
7156
1759
5851
2998
2091
3970
3801
8139
892
5595
7777
9851
6083
1653
2113
7414
9357
7493
3837
8874
4064
2682
6493
7038
5492
3497
4455
2725
6528
3858
1
587
8183
8545
1516
2145
4709
2411
353
2978
9641
7247
2806
8717
5995
641
2974
5379
3132
7546
5615
178
7472
8731
1115
3533
4003
4299
494
1560
9953
7951
8024
8128
9542
8364
5931
5853
7764
9570
4183
256
2421
7741
7595
4423
8129
9316
552
1202
6551
1253
4887
5725
5498
566
857
5046
5428
9201
1119
6928
8729
9879
5393
1491
992
2842
758
2564
9982
7797
7959
5652
7700
7271
8846
7500
579
4954
9214
3033
980
1368
325
3409
5009
759
8193
4116
4257
9728
4994
1330
1235
5846
7545
3764
9556
1675
7435
6301
1954
2686
2543
6561
7261
3231
4455
1202
1483
686
5218
4760
1049
6075
3891
7573
7296
8616
9589
8190
1383
5675
7512
1223
9123
5830
6958
9186
185
9753
751
518
7336
9875
2610
5861
538
4107
7063
9465
8466
9222
8514
3686
9083
410
5698
5261
239
5211
6013
8545
1675
8166
7051
958
7818
6612
7975
1112
2127
7983
574
830
599
656
2174
8984
8759
3687
4250
8585
8223
8871
4867
1932
4177
940
5817
915
1678
6120
5449
7267
1238
1624
1350
8481
3033
3049
348
5458
2511
9511
2698
8955
522
9450
69
8062
4539
7515
9658
6120
6286
9151
5688
2216
4441
1
9753
9489
1879
9241
369
7736
5204
9976
4485
3313
4348
9149
1389
9987
1296
3599
5808
9606
4883
2333
8633
3752
5315
1201
4343
2324
9765
9701
5895
9339
7833
4506
6308
3346
2673
8126
9935
7688
6430
715
2294
9207
2097
6508
2809
3739
9171
3552
9096
6337
6613
2786
6049
3613
5536
5245
2735
174
8571
1988
6879
3578
1381
9
4209
6938
9444
163
2387
358
7623
7483
6395
8096
6254
2103
6802
4109
8264
7581
8564
2622
719
9401
9264
423
9450
2534
4336
6620
891
1640
5637
7228
7303
8983
4520
3889
93
4525
3059
3239
9362
2214
3284
6990
9440
6734
8999
5356
8181
7660
6731
1585
1022
5619
7806
2735
9574
4846
259
6819
5521
9591
6705
1233
8381
1762
2490
8047
933
4623
2361
5749
5701
641
5231
5610
6741
1095
4881
4601
6173
1470
6915
7610
4203
3302
8866
9117
5422
3529
3153
9974
5368
1620
1578
7695
8975
2121
5579
9883
6129
5945
8650
7760
937
2700
9763
9494
9903
90
7194
6221
9388
620
509
5071
1307
191
8667
8765
4347
9422
2360
6729
1507
6234
1620
3995
7839
6110
7229
5125
8396
7747
8011
1356
5294
1302
5737
158
4219
8159
3141
931
5922
5603
7356
2934
8610
918
5468
8493
2571
974
2315
4586
603
3996
3704
6767
3208
2507
6412
3613
8290
4447
9704
5146
3492
9783
6408
9386
2932
1512
4518
4471
2902
8770
7257
1159
6435
1347
5306
4502
7393
2921
3947
1473
5928
9728
7381
1275
9384
4166
6642
7350
1901
5625
3589
5874
8044
1980
3182
1536
3956
5947
610
2822
128
5692
2585
1270
784
3706
1137
6540
4350
8980
1339
1960
5839
4266
961
2886
4744
6751
8267
5446
5135
2078
5818
4714
7303
3180
4622
5464
9971
9614
4303
7986
1651
9460
4606
1210
8225
9169
934
7515
2989
3655
104
4908
3356
5570
9948
9327
2571
360
378
2055
9176
7164
146
2397
2335
8499
4543
3398
1956
5753
8251
905
7669
3114
640
6482
6647
8972
2144
9416
8606
3404
6377
2471
2429
5095
2285
8904
2001
9304
3777
9731
649
9134
788
682
9811
855
7969
4066
6405
7012
4023
8992
907
8583
7922
7725
4037
3033
2344
4324
9783
7591
3204
3540
966
4758
4787
9818
160
786
5669
1114
5203
2525
9020
1398
3717
2694
6610
9951
4821
966
9495
6435
5077
5438
1800
5887
1042
6993
1773
3785
9200
9331
9483
1652
5553
3211
3619
2238
2551
8635
9303
3508
147
558
5387
7575
8285
4433
4195
1653
5310
5115
2934
2995
7837
5801
7925
6559
5260
9432
1432
3219
4342
3102
2688
9408
902
9281
5319
7022
2428
7907
4476
9033
1714
4649
4092
808
3723
9739
5555
2067
1392
3260
3269
6355
2011
5437
3073
1156
5672
935
2754
7022
8968
9383
2758
7453
2342
3419
2989
4186
9697
8441
3887
9152
7724
1539
5244
2094
7199
4330
7979
5456
4299
3293
4994
814
5709
1070
2293
4300
8823
1945
3173
1921
3871
3592
8066
404
2253
1839
8644
8839
4688
5020
7146
4511
1663
1562
3780
1365
4651
6989
5614
1160
5269
4617
2486
3472
6838
1158
9241
3047
2956
8247
2035
3668
1146
905
6096
3503
301
6298
4683
1781
8256
3778
7804
8159
4661
136
5957
8527
460
3120
6689
7526
4497
4416
2431
277
291
7956
4723
1704
2592
8508
136
6140
2888
2002
1320
8593
4805
7845
5991
506
8188
9360
7855
4081
24
4037
7126
3181
225
1769
8868
4690
2870
1398
294
6480
5413
6208
7045
6585
3659
2201
1557
6799
9840
2643
6901
9246
8842
8057
7595
819
1950
5381
9769
7177
3384
7610
8733
7739
3558
4215
2783
5786
186
7808
6169
1413
4959
919
8066
91
7314
322
8604
5394
2527
8077
2493
1123
9503
7297
2309
9476
7719
9869
7810
686
5379
3363
8868
8371
185
3858
5083
3877
2468
7064
5761
4969
7481
610
3485
899
9598
1302
9406
2773
6441
6017
3947
1463
9315
1832
2599
852
2480
2048
481
1634
7867
6332
4380
7381
5730
3031
4322
5562
9157
780
5609
6260
6038
3076
4038
7480
3526
2051
9648
2484
1758
4344
5001
8984
3976
513
4174
3962
2590
7254
3580
163
3162
2722
7288
1770
1545
7946
9756
5143
9358
9610
4260
8349
1592
8991
5657
7082
7313
7093
1762
9189
2189
9309
4357
9118
4510
1092
4094
6593
6367
2920
9663
7571
3144
6512
1678
6181
8357
7912
7905
2807
4901
146
6498
2491
4774
3710
2162
454
7300
9248
9013
6037
4167
7197
2698
395
18
197
8186
8431
1635
4711
9641
6550
2547
226
3281
8319
8520
4282
8122
1638
5068
6396
1852
7590
5964
6941
9490
3785
2307
7508
1259
5846
9943
4454
9819
6325
8342
3875
8840
7369
3942
7691
1490
7296
6661
6117
5507
3638
543
9138
7673
4879
7932
5573
4234
8409
1194
8062
8686
3157
9527
5211
1131
2275
4334
2509
9320
3708
7223
2279
3517
2119
3555
957
4350
7525
5467
4568
910
8511
635
5415
7471
9923
215
3461
9398
1712
7521
1325
3131
6237
8444
1923
2891
5933
59
5836
3144
522
7637
6779
8031
3728
6781
5756
1516
5923
9099
4309
312
4216
8587
7872
6469
3572
1909
3830
6294
5107
9503
134
9098
5682
5038
6887
5003
6357
3444
9944
9516
4030
5711
4435
6233
2822
3047
9304
2197
1511
5585
46
9350
1655
3325
7609
6703
4845
969
1093
6750
8481
1227
8047
4812
6848
4137
501
1319
8788
8856
3236
5754
9887
2876
9485
8962
9076
2231
6154
4116
4792
7552
2842
6524
6386
5267
4786
7400
9563
1566
7155
8380
7806
4758
4626
4945
5002
7069
2936
440
3387
5475
1887
2275
4920
2585
667
6929
8535
6426
9173
3731
8335
4849
6319
7582
6520
1920
8968
3015
8908
6640
3781
9091
7923
7172
1855
3508
106
7386
704
9421
5007
4531
4843
2879
5290
1912
8038
9435
7035
8145
2984
7752
6153
9942
4155
2884
8547
8648
1784
1569
1893
2075
7295
2667
3646
1327
3270
8950
2703
1911
8182
4946
4067
5260
5494
270
9586
9252
4200
1110
5733
779
2974
8962
8270
564
9909
3775
7103
4726
7626
9767
1930
3209
682
2986
8356
8037
5016
5153
2189
6303
9837
3686
4214
8899
9556
926
4926
1070
1232
5840
6100
6319
5651
6838
5946
3675
4894
9447
4430
9901
8540
8314
7374
694
2804
598
9936
6746
5382
4344
5788
7730
3825
409
9062
2043
6163
6347
9999
6188
2167
8603
9567
6590
9035
615
4449
4302
8113
8743
6003
994
9657
7666
5245
3497
8189
6267
880
3592
9542
8490
9203
2861
3382
2168
3556
1316
9167
8999
5923
836
319
7469
8572
1930
6092
8996
4780
3182
1108
2098
9577
2823
4422
1527
6910
7599
945
7748
7578
2838
4952
8945
7366
971
1032
4564
1966
7624
1756
4356
7270
2414
1561
1551
6174
4759
1796
2950
2669
7290
7478
9590
8846
6046
2626
1533
9334
2678
1958
2217
7635
4866
4070
5354
3893
3447
7888
6847
6318
8243
9619
9106
8424
458
8921
7427
7553
6534
1821
8245
6498
891
7745
8712
45
4998
9109
9271
1833
6057
8337
4771
9495
5717
6748
4748
2811
2240
8606
970
5152
411
5796
1632
7820
2561
4250
6146
7998
4574
1694
7941
98
416
1794
674
1374
8576
9487
6513
9761
3486
9451
247
8931
3120
8579
5646
9970
1938
4555
8977
4327
2272
367
6830
7320
2624
3184
3151
4907
5759
3931
1729
5511
4007
8109
9278
4004
5570
917
4058
2343
9431
2946
271
2539
5330
8065
1795
9900
9314
657
3423
1532
7654
1683
4530
6916
4102
2711
8169
800
1608
8968
9377
8735
7597
9498
7450
1730
7459
5123
8751
1345
6486
5621
991
9995
3645
7390
1286
7769
9697
8029
9842
4805
1440
849
3783
159
3994
1799
2229
7851
2955
4628
3595
8235
6306
3807
9921
6205
8474
1636
4430
7679
1439
2234
3718
621
9841
3451
1988
2053
2023
6539
1895
6296
4733
8661
8457
4623
4931
922
9748
8914
6970
9092
8498
1976
103
4080
2758
6128
2013
2155
7651
9185
9018
6331
8890
3843
8326
3135
6747
4255
356
5290
6819
6495
6500
836
7394
2316
9214
5338
1488
6247
4576
2437
3176
64
2151
1667
1647
5268
6960
7887
3847
5115
2699
8039
2090
4349
1175
3521
3559
8965
8922
5473
4731
6854
6860
9050
9019
8923
4139
6558
5715
7252
3369
1983
165
3462
2789
4164
4986
344
376
6754
8346
1151
5668
3484
2940
9009
9913
9134
574
6612
7205
7286
8863
5793
3563
8067
4126
4118
1678
2991
892
8283
8123
1415
4587
2956
1976
6432
8787
6369
9171
9539
8739
5073
3090
3022
422
6385
6563
5310
8780
7608
6292
1534
5131
8822
717
9325
1637
7429
2970
5733
9071
4113
4997
6920
9791
1700
2057
1976
7784
7604
7555
9102
8765
4030
7477
1387
7874
9256
5611
9261
8631
4552
6176
420
4358
3963
4608
2153
6745
9181
485
2745
8976
1947
5360
1954
829
4437
2991
3072
9309
2164
2658
9015
8354
2457
4007
4336
7500
3179
7128
6891
76
4762
6175
3452
5199
2941
2409
2819
2463
9762
1268
3359
9885
8396
8101
6087
9077
5654
4362
4293
5272
1044
9203
5071
123
2903
9383
6771
3685
7135
5508
1860
8955
6314
2282
9148
3755
702
9489
6483
5536
9786
6388
251
1257
5165
1013
1014
5287
5869
3938
8672
2421
8571
8673
8706
473
7744
2487
5319
4822
4056
3788
1962
8918
716
9851
6792
2474
515
2899
7909
7022
8072
4366
6852
2795
8638
4258
1155
1444
6234
9214
5437
8098
2015
9263
1402
1113
7661
144
6262
9360
8139
7306
7223
7215
27
6667
1796
7914
5289
1364
6002
9153
4299
1935
7433
9683
4817
4063
3350
4269
4850
7773
4076
2160
926
146
890
7298
3950
3003
9307
9377
4309
9140
1766
4675
8373
5996
6497
9700
3163
9521
3230
6069
8895
5201
1895
9154
7511
8831
4065
782
919
8238
3723
6699
7591
4025
2411
5471
1843
8540
6535
9115
2580
9888
4456
5952
5036
2105
5863
8597
7537
2421
6492
5700
4118
4626
8902
1507
7216
5940
2129
7700
1028
8040
9610
1350
194
2417
1499
3690
9079
3491
8147
8459
6985
3419
7930
6167
4754
8250
7747
1449
1356
7210
3686
2239
4159
7363
1126
2995
7369
3873
6038
3683
1259
9827
7546
6897
1512
9003
5802
4587
4545
9248
9570
5073
8107
3986
366
6962
8237
4067
2951
6397
5756
5660
7313
3809
3054
1362
1171
590
6101
6917
5647
9524
6896
8913
4042
6159
9699
4582
3156
5563
8290
578
6147
8062
2031
7300
980
7754
9914
7370
3773
993
9975
8378
5153
320
7321
5541
6034
4458
481
2516
3817
7496
9548
6826
14
8347
8763
6492
625
5848
9710
457
7613
7899
1704
8541
4832
9810
9120
130
6150
563
4557
1137
7275
7166
6832
8092
1058
6124
628
2801
8697
1636
3226
8574
2248
5036
7184
6235
430
4720
7875
2037
7275
3108
8479
9028
6673
7028
2057
6887
5862
4930
2554
5294
8692
3802
6595
7046
2112
8300
3526
7499
7051
4816
8939
8012
876
8287
1370
5811
2845
3233
456
5114
4621
9717
4347
9710
8165
90
3759
2828
9237
9994
8353
6542
1951
3676
956
2250
6084
2288
7145
8042
31
3382
7044
8829
1347
4534
8910
4115
7148
4944
9041
289
1716
8374
6847
7813
4177
9562
2946
4142
24
8464
8020
1596
1472
6073
372
4990
7013
4780
1651
4798
9933
6573
8290
2717
4676
9991
9094
4431
2808
6311
145
4335
1641
1728
3713
8821
1167
6976
8078
8406
48
682
4264
3223
5849
13
7205
3734
4708
6886
7024
4131
7404
2323
6672
5155
9768
8949
215
9456
8140
4133
8858
6634
5734
8431
3133
4221
1654
6764
4616
6973
4693
2302
9698
1111
3624
8127
7895
6555
1492
7994
1715
6623
1371
4309
8783
484
1515
9455
7921
5029
2563
1947
9916
2423
3564
5236
5177
8929
8410
3370
1338
1521
4482
4469
3086
9359
3957
8468
6944
9849
3808
8719
373
6299
3639
4821
6599
4691
1222
4981
4925
2115
3140
1102
9842
9117
484
7209
405
5653
6593
7528
9654
9138
4337
3908
7830
8037
7335
857
7644
2023
5880
2503
7004
2575
5811
5695
7243
9986
6735
5778
1656
8432
6719
3023
4628
6871
2965
8364
475
9163
4931
1098
8417
8713
2080
7075
4947
5546
7717
6206
899
7664
210
8486
7195
9427
5354
2150
7546
1422
5259
2737
9248
9747
7743
7634
634
2092
6415
8965
66
6884
1349
5623
5486
9547
8335
2947
2015
1711
2517
9021
6989
6851
8070
1462
3171
8890
8904
7151
5908
7359
3176
4285
6974
4017
3508
9256
9070
4214
7153
5706
802
8543
9243
2281
3440
6994
8340
155
992
6921
6864
6890
4036
7055
9359
6960
4195
2466
7668
9642
6308
5819
8977
6449
5941
8340
8190
2037
2303
157
8183
9484
1303
2806
5367
5081
3341
3874
9862
7071
6360
994
1009
8077
6888
395
5582
6474
8862
2070
959
2487
5411
3617
2480
7870
2186
7737
5938
4020
7933
6333
5502
8719
2372
8656
2584
6287
2418
83
5776
4391
2685
4100
2417
3439
8765
7013
6050
7945
1541
2165
9512
6006
5856
3322
4183
661
2315
5539
9354
1757
2971
2832
9003
9227
5884
4848
9666
1815
7007
6071
1316
2175
9399
9311
2779
7189
5694
4476
430
9401
3872
6535
7042
5511
9254
7361
7135
8402
5592
292
7130
8225
4763
7939
1173
5115
4053
809
1131
1410
9922
395
2603
4373
2257
7300
5904
3962
9994
2723
5107
5986
7606
6457
8073
630
6347
6882
7139
7068
8759
784
6865
8337
7385
9946
5716
296
9361
3270
6890
3932
730
8975
1824
1206
8495
7009
3049
2043
6273
7451
637
955
8702
2412
5453
9513
5635
6875
2881
7168
9459
6330
2721
6712
8591
4904
9353
1111
2344
2498
8123
6940
8559
5623
4913
5328
1782
2744
7760
9505
1172
3110
1468
8684
7138
2757
2647
3178
2104
6528
5049
917
6118
7926
1787
1451
845
9704
145
2700
7340
9309
5193
6853
1322
7411
7997
6136
9892
6356
4254
1555
8341
2691
8058
7450
3355
3805
3587
6187
435
9936
4943
8349
5138
3087
5418
2445
5378
1084
5121
9112
4499
9085
7662
4354
1404
3492
9100
4846
8358
446
7734
2381
4783
6143
1052
1017
2371
9114
1075
971
1834
1474
7371
6067
6484
6088
177
6652
7770
2338
6342
7197
1495
7866
7566
952
3393
5022
1436
9939
7963
3633
4375
7676
7257
8401
4819
6370
3476
7185
9251
8256
1788
6203
5962
4272
6793
1653
9266
1611
1988
4918
9977
4861
132
3681
6217
3376
6654
7262
7016
3000
6634
5349
6157
9141
3646
2258
2871
1640
279
7003
6844
1738
6979
8069
1751
4108
6172
9403
3708
7638
5657
2312
1238
4760
9417
4982
9609
126
6974
5926
3062
1008
5393
1195
8453
7837
9399
2739
6847
6139
649
4998
5971
99
1761
282
2096
9213
505
6557
9731
8195
3414
1668
2733
5518
6295
3519
7574
888
3914
8739
8767
1285
3246
6682
9658
353
7229
7642
674
7708
7395
5545
1730
4253
9440
289
8248
8251
7527
805
6008
1213
5557
8509
2863
1117
1224
572
449
8700
2513
3189
1507
3324
6683
1581
1513
2173
3398
4039
1687
2636
5206
7314
7545
9571
4116
9705
3653
1137
9006
2256
7057
8021
682
2296
6213
95
7166
3560
9584
8826
6869
9679
4958
1905
5852
4735
9386
8391
5845
6404
999
4318
9668
2929
5981
5297
3138
2991
9601
6717
5483
1294
1683
1663
5264
377
8543
8370
2007
6358
2370
311
970
4092
4895
977
481
1831
6643
2800
5719
535
6491
7654
8751
2125
7785
23
3243
6843
1266
852
5749
5050
2591
2160
466
6501
8272
1404
1175
2861
5797
9095
8215
2259
6160
5131
1828
4917
1460
3190
4913
4047
9944
5313
2909
7629
9724
2324
4572
4471
2503
3349
1849
8109
7065
6953
9810
7803
1828
7707
5405
2303
1146
3728
3696
8369
8930
5486
5986
6280
4397
7345
8806
2254
3120
2147
3171
7729
9326
5743
918
1363
6515
2624
7005
433
9784
5405
6754
3417
4553
299
2495
8568
6295
97
4351
3887
8349
2117
8356
2993
9829
6914
8361
7829
7568
3263
6080
8616
6203
4537
3335
4618
9565
5066
9917
3773
9834
25
7643
6826
7057
2540
2990
820
2059
3941
2623
7596
4576
3315
4948
8311
2963
523
9741
7945
2919
7359
3878
3735
6121
3299
2943
5729
6981
5988
8131
6640
47
3547
9667
9016
1922
2695
9238
4095
993
3379
9058
1377
7242
9530
4974
524
7904
4233
8089
5557
1005
9440
2431
211
2652
1449
3230
5994
281
1701
9012
7488
6376
1761
6754
3288
7706
6160
3506
940
4067
2977
3068
683
2980
6348
3936
8925
8748
6432
7489
3997
7505
1016
8881
7367
8769
1292
9811
2423
2968
9580
8808
1939
5827
1332
1284
566
2449
7851
6304
6727
5198
6112
250
2332
5411
5246
7629
698
4936
9295
1348
8006
8308
3900
3901
5528
2728
5076
3180
5790
3843
2925
8806
2053
1856
7246
5006
5370
116
6891
4895
30
9586
3775
7263
4843
4769
8162
1281
8601
8291
5438
3239
8972
7066
1349
907
5589
9768
2317
5234
9960
6188
5627
3106
4631
3470
936
3796
6355
2571
9165
6609
5772
2546
1611
9524
7473
4587
322
9531
1048
7090
8639
2316
7390
5212
2568
4280
1758
3307
3265
9089
3155
1502
4643
6334
4932
4352
320
9142
5408
3324
6994
8272
5170
4215
2837
6469
5718
8025
2012
945
8625
4949
154
2235
2121
253
3780
3887
4873
2129
1617
7452
1666
9908
8917
7334
5543
7108
3448
7971
9935
7717
3471
4385
9979
1437
6319
3121
8139
1789
1998
7802
2226
3200
1307
9905
9538
7291
5412
5526
1291
9245
796
5246
4134
5851
9260
6622
1132
6266
9437
3516
1203
8354
7878
4478
170
5042
8805
2419
1028
9606
8849
224
3867
369
9624
5601
9824
6713
6342
3740
210
7029
757
5994
3689
2219
2160
6772
8543
4559
817
7528
7893
329
318
503
3598
9770
8904
5014
2114
8035
7390
3989
6792
8048
5337
880
7110
2458
4930
3280
4744
4408
6312
9171
3589
7441
7073
2337
6479
9019
7358
1303
7134
1926
4187
9532
6580
2547
1532
9900
6665
8450
8430
7420
1345
8668
4421
9173
2412
2059
1446
8181
8398
4653
4263
9020
6751
5056
4447
300
6927
7072
2888
3048
6106
5843
8393
107
8595
4130
4055
2834
5314
3680
2168
691
5105
2538
9283
4780
3949
5738
5309
1378
9168
2973
8304
5173
4695
6177
6695
9263
1752
5115
2176
2980
3651
7084
3616
6556
4784
7928
1553
2628
8032
926
396
3619
6973
8406
3159
1393
9573
8034
5013
8382
1149
2357
735
1074
9550
9552
5150
1055
2627
590
6975
4723
3346
8447
6406
8470
1344
7958
3546
8824
8555
9838
2152
6425
3252
5416
5516
329
9157
4307
4970
8503
8668
2778
178
9148
754
1280
8487
2990
7447
3778
4439
1299
8356
1634
4753
5598
8923
6373
5130
3285
3440
3426
385
524
9030
4658
530
5542
733
1558
2989
5943
4171
4169
8066
6148
6208
9383
2670
2313
8352
7062
5246
998
4162
4622
3762
4221
9515
1305
4001
7206
6874
5973
7944
8753
1563
546
6081
9557
9119
9530
9797
2352
1909
7097
8872
958
5093
5171
8150
9000
3997
2102
5771
8286
9156
9625
1043
3115
6923
1097
273
8622
8756
8775
6610
1616
5718
8577
9983
5685
188
3853
6555
4165
6014
6191
2895
426
1347
3249
5317
1607
7385
2237
3970
200
4358
3925
3479
1882
8148
7774
7304
6190
8284
2787
8517
330
2533
307
815
4879
8792
8447
5290
8189
7132
999
6467
4776
9008
1887
476
7214
1621
6257
8207
5031
336
5432
5179
7664
8304
1300
9411
4396
7904
3295
2576
9412
3581
5848
4381
872
6752
8410
5779
9729
8273
2667
6902
3840
4070
960
728
2841
3816
5163
1805
4933
4276
6303
6587
546
1924
3106
6179
3430
6522
8802
7676
8700
6906
1869
3962
9105
5106
5517
2289
5984
1895
5090
4303
6212
6329
5332
8687
6084
3678
3025
9065
2675
7788
4063
6026
8883
5291
802
5071
1063
5114
9093
5246
4270
9469
5887
5819
820
3958
4331
4455
8266
6306
7724
9286
1583
5755
4251
772
4547
1479
9341
7358
4076
3701
4161
723
5959
8933
8290
8350
4334
4468
19
2779
8886
1397
7925
8780
2747
9898
9186
472
5368
4431
2315
2389
3782
3216
1786
6233
8011
113
9850
4831
3110
7489
5492
2936
2020
8530
3772
4131
1279
5528
8872
6651
5711
3646
3645
860
4508
4150
8820
6323
5986
4058
8723
6549
2510
7736
8713
7854
9900
7147
5683
282
9223
2175
2188
2126
931
2452
2677
7026
7936
4181
4600
26
2381